0 3
0.25 1.125
0.5 0.421875
0.75 0.158203
1 0.0593262
1.25 0.0222473
1.5 0.00834274
1.75 0.00312853
2 0.0011732
2.25 0.000439949
2.5 0.000164981
2.75 6.18679e-05
3 2.32005e-05
3.25 8.70017e-06
3.5 3.26256e-06
3.75 1.22346e-06
4 4.58798e-07
4.25 1.72049e-07
4.5 6.45185e-08
4.75 2.41944e-08
5 9.07291e-09
5.25 3.40234e-09
5.5 1.27588e-09
5.75 4.78454e-10
6 1.7942e-10
6.25 6.72826e-11
6.5 2.5231e-11
6.75 9.46162e-12
7 3.54811e-12
7.25 1.33054e-12
7.5 4.98953e-13
7.75 1.87107e-13
8 7.01652e-14
8.25 2.6312e-14
8.5 9.86698e-15
8.75 3.70012e-15
9 1.38754e-15
9.25 5.20329e-16
9.5 1.95123e-16
9.75 7.31713e-17
